XCVM2[BL_KICK] =  5.05879170909573524E-003
XCVB2[BL_KICK] =  1.83947185917352103E-004
XCVM3[BL_KICK] =  5.98306832345934896E-003
XCDL1[BL_KICK] =  8.75053329961286063E-005
XCQT12[BL_KICK] = -3.00181393984572413E-003
XCDL2[BL_KICK] =  1.78681117611635579E-004
XCQT22[BL_KICK] =  1.65279942212519736E-003
XCDL3[BL_KICK] = -9.82059136649950223E-004
XCQT32[BL_KICK] = -9.22452189463078835E-005
XCDL4[BL_KICK] =  8.29847535166836504E-004
XCQT42[BL_KICK] =  4.33934696114565352E-003
XCEM2[BL_KICK] =  6.73574771117984705E-004
XCEM4[BL_KICK] = -2.32700388356275271E-003
XCE31[BL_KICK] = -5.86777867554025604E-004
XCE33[BL_KICK] = -3.47081456485270109E-003
XCE35[BL_KICK] = -6.79952967861761708E-004
XCUM1[BL_KICK] =  3.69085606739751135E-003
XCUM3[BL_KICK] =  7.65812730803202830E-004
